nframe,x0,y0
0,1085.0,694.0
1,1128.1374805387402,722.1964041857295
2,1126.2138921377746,718.1221537104595
3,1127.8862925578403,718.0000529364299
4,1128.1755085779957,718.0496821818456
5,1130.0332520263553,717.8676410955647
6,1130.6229446952425,717.9015528988779
7,1129.0565841780567,718.261599788978
8,1129.4099183183139,719.9133342367793
9,1129.4656262723995,720.1699633742331
10,1129.4303835361022,720.0074642184796
11,1129.9418872074014,719.3175548074968
12,1132.440251078722,719.9791873736649
13,1131.2882166945776,721.7791618146148
14,1131.1908169658116,722.1052707333389
15,1132.1905057056317,719.8911043788984
16,1132.9908298092334,721.0911912092267
17,1131.3390834199536,722.3291932180097
18,1131.0721373018816,722.0524161806104
19,1129.948537152311,723.0066816186729
20,1129.7821830852747,723.0044665544838
21,1131.5124335331575,723.4645843217918
22,1131.8191614632408,723.5464888614383
23,1131.771574553503,723.696770514885
24,1131.7584389248914,723.7384547989332
25,1128.9772512086338,725.8958041844593
26,1127.7128780608937,725.3368557360272
27,1129.4418342016716,726.1147219367153
28,1128.212411446196,728.452512823301
29,1128.2013328389598,728.473611001238
30,1128.057594002968,728.74570428538
31,1127.8322209690723,729.1233794495539
32,1127.9800309114173,728.8754893294977
33,1128.2198217897144,728.4733261380131
34,1128.0337809937223,728.7843142640559
35,1128.0503026306997,728.7566726079937
36,1128.3258453238536,728.3512812702614
37,1128.5079528798535,728.1413231881626
38,1127.8140677862987,727.0608579378306
39,1127.816605715463,727.0942023104914
40,1127.837067915726,727.3612089710506
41,1127.824464142445,727.1933827861396
42,1127.8441149232701,727.4570068270152
43,1127.8541883114567,727.5927805938013
44,1127.8651821929109,727.7397452225442
45,1127.87435944381,727.8641591329706
46,1127.8742317895349,727.8623578581428
47,1127.9105263625263,728.3742455679132
48,1127.9278107449918,728.6231691134394
49,1127.9426873584,728.8344080450454
50,1127.9371167271238,728.7544100092624
51,1127.9320267405155,728.6806842540183
52,1127.8999656567773,728.2206384826667
53,1128.0579796269687,728.0263828575321
54,1128.0042333713025,727.8505689236958
55,1126.993933098689,727.5963783242908
56,1127.980681667213,727.2338380369888
57,1130.1534874472143,726.6699813439614
58,1129.7318812631063,726.7436301449883
59,1129.3957014154616,726.8033755460176
60,1129.0616190814062,726.8620893018392
61,1129.803453451329,726.7321724468985
62,1129.3464095307636,726.7765413384489
63,1127.9358978067753,727.5403302495228
64,1128.2923662669373,727.3471319968447
65,1128.4689252342314,727.2515032568147
66,1128.7908125586368,727.077058257853
67,1128.6018981824418,727.1794971296007
68,1129.08839027518,726.9361804670758
69,1128.709870906259,727.1255483820963
70,1128.9990102801223,726.9808445847052
71,1129.2351415257658,726.8630947064651
72,1129.3161054428213,726.8225168669389
73,1129.258354389191,726.8514305234021
74,1128.3635457322314,726.0647926638898
75,1128.4532595199362,726.1435802012486
76,1128.2342545874087,725.9509308106212
77,1127.9396068703186,725.6899219302074
78,1128.8430716604616,724.179778062972
79,1129.417557486635,725.7381589273442
80,1128.8902079496634,724.3979047907688
81,1129.0005359819718,725.6739174333977
82,1097.7886386202938,747.9826407596241
83,1028.924445077191,738.6702227003286
84,1054.5887928840546,691.415117296404
85,1053.054938890153,690.5824090869663
86,1053.511382287953,690.6880984758736
87,1053.59088518073,690.7064655396966
88,1052.806324947637,690.1751665210362
89,1052.98716900767,690.2975083621782
90,1053.2530118480797,690.4777330561468
91,1053.00195548399,690.3081876235215
92,1052.8376914708638,690.197622626477
93,1052.4690921724452,690.7330083766411
94,1053.4390453840474,689.1353382490147
95,1053.4466781256765,689.1228371623897
96,1053.4299482403492,689.1503016110937
97,1053.5328754313005,688.9801804409165
98,1053.5196976271454,689.0019801365274
99,1053.0627015072741,689.7593279600472
100,1053.12575219908,689.6551925742154
101,1052.0074523838266,690.0662077815101
102,1051.1313066305356,688.1343769503586
103,1051.9238891565242,687.2185075641266
104,1061.96649685544,677.187652104938
105,1070.6291002056066,648.0091766892641
106,1076.253938954847,642.2742402895286
107,1075.745116424834,642.8603318370375
108,1075.7479319196796,643.280441787044
109,1077.772158655584,642.9007155474806
110,1077.6063370442178,642.9320894546429
111,1077.4776378060233,642.9564164147637
112,1074.747599268709,641.6994456291375
113,1075.529188519011,642.4423485631689
114,1124.4946591111789,686.8802644913392
115,1147.6330061915749,676.348502373763
116,1154.2998899024524,682.833065733919
117,1188.0266385783032,686.8885234749009
118,1188.4140601173867,685.3112857292293
119,1188.473214767489,685.0704423739184
120,1188.9950164428221,684.0931514344095
121,1188.9111927208269,683.7418900931139
122,1188.914277601509,683.754684181379
123,1188.8000282408327,683.2707271944295
124,1189.7754329595982,684.8409324976567
125,1189.6238627536673,684.5971709475743
126,1189.374388881758,684.1103140998389
127,1189.3381722940485,684.0393877575303
128,1189.362108688234,684.0861668425266
129,1189.225117105466,683.8195627208261
130,1189.0450215859319,683.4554503792359
131,1188.966593557531,683.2971298705976
132,1188.832490623525,683.0271425793266
133,1188.5724805335967,682.581940981495
134,1184.47265727436,682.5896221073928
135,1185.6419737551462,698.4586578618349
136,1153.7292533119085,715.629583114134
137,1155.1334387918832,713.6100271469024
138,1126.7375437631097,753.0873606658799
139,1129.1889713483476,752.8968422219735
140,1130.0872811399438,752.8806656870472
141,1129.1532691804916,754.2046319590183
142,1128.9759653088408,754.7082541909117
143,1128.0864205916246,754.3778332739098
144,1128.091451641296,754.0206378073176
145,1128.0864763258444,754.3402415967348
146,1128.0898430736597,754.1199392322742
147,1128.086628166818,754.3590144862793
148,1128.098393101821,753.3456038647741
149,1128.1018365379111,753.0942479296685
150,1128.105035257969,752.8878108861572
151,1128.10438694336,752.9270877532578
152,1127.2399023539529,752.3196796444853
153,1127.2501929723421,752.0236769459716
154,1127.5744857030854,752.1848461395684
155,1127.760450182457,753.7045847016465
156,1127.5626131970864,753.6999896379049
157,1125.5732684095449,753.011101354508
158,1125.855046938774,753.1352993222303
159,1125.8864967395666,753.1491439199717
160,1125.4048434827628,754.0941708426446
161,1125.30662901422,753.2132903621577
162,1124.9711524855584,755.2507651336617
163,1102.5060643799231,745.3229011129813
164,1094.6795420551168,748.211731389638
165,1094.9802642206967,748.0700847277867
166,1090.7874892640434,744.3722539188645
167,1089.0950607367831,743.0516865568962
168,1089.98259823399,740.8977293367741
169,1088.0372580620249,741.4047013801859
170,1113.5575682311012,734.1566771315152
171,1111.7845558036954,734.3888528701134
172,1111.650547257408,734.4065086350141
173,1111.8787750153947,734.3761446783205
174,1112.5338075316504,734.2899832785135
175,1112.0351311645306,735.40172232879
176,1111.0505518525547,733.351447258454
177,1110.844929170537,732.9221198559782
178,1110.7238937443863,732.6684426866973
179,1110.7569946275312,732.7378611248607
180,1110.6990317154641,732.6160340751635
181,1111.0184036811024,733.2913587778345
182,1111.2461407761127,733.7871294830207
183,1111.164704042979,733.6103816262238
184,1110.9284815768815,735.230533865259
185,1111.0981417279515,735.3701234344512
186,1110.8539829882811,735.1697148007931
187,1111.1924983171996,735.4434223624875
188,1111.3072314660683,735.5359020234383
189,1110.860862845776,735.1763010793247
190,1110.8515981216908,735.1688213440816
191,1110.428843534489,734.8262186250395
192,1110.4948795389444,734.8797395369029
193,1110.2510057468012,734.6837553771508
194,1110.2444401232071,734.6784934279478
195,1110.2137726448725,734.6538061698357
196,1109.8257427269275,733.2726252537065
197,1109.820612690414,733.2543612137218
198,1109.7115129174233,732.8746778581665
199,1109.6742309302851,732.7435472461342
200,1109.623577319568,732.5661207601527
201,1108.226823281861,734.0680422319865
202,1108.3823952309558,733.9009114885381
203,1108.5225755521815,733.7505052358338
204,1108.5672426658828,733.7026212672191
205,1109.082183358581,733.1485211694878
206,1109.204097257492,733.0177536058673
207,1109.1816201844867,732.9428614731256
208,1108.8955642173173,732.9947701469127
209,1110.8888461417646,732.9866625270446
210,1109.9910680448152,733.1154655983478
211,1110.0673503201535,733.401777587431
212,1110.0602785806948,733.3751183106324
213,1110.0770825576394,733.3929650986961
214,1108.1486737284915,736.2047217353106
215,1109.6348411752133,735.0798644950166
216,1110.2015096978441,733.2684385292264
217,1109.9177693979275,734.1707759727481
218,1110.130601592481,733.79728322054
219,1071.664223314614,738.947672029733
220,1056.0538741133582,752.4311341877426
221,1056.244894333797,751.8280240805354
222,1039.7630140744973,772.7326801677438
223,1040.7494033416613,785.7989456714259
224,1008.0564476294471,761.4578491261217
225,1009.4590039012476,761.3167979098876
226,1009.4997988095979,761.1992182802436
227,1009.403470689725,760.8639881085121
228,1009.3450130358189,760.660230398504
229,1012.3846685303176,757.5568245311424
230,1012.7274896313514,758.2356784273717
231,1011.8752821643825,758.4281179894799
232,1012.3452122302898,757.938235626516
233,1012.2522578086822,757.9783311814755
234,1011.5757380258118,757.9396454746227
235,1012.9811800535944,756.9592784258044
236,1012.646928076405,757.6099439658507
237,1012.1833860101481,757.7809408089606
238,1012.0858187926048,757.8166924946365
239,1012.008759897057,757.8365748644385
240,1012.0050181225772,757.8375453692286
241,1012.8047892262845,757.6307976403074
242,1013.7962605607695,757.8792081181783
243,1014.9361635085548,758.5824425310101
244,1015.1185552495051,758.5165765259468
245,1015.0416063259959,758.5442708038427
246,1014.7457231188017,758.6507891280642
247,1014.1937341480692,758.8514768017972
248,1013.9018669777731,758.9565292520244
249,1013.413448718619,758.5313713560785
250,1014.700989217643,758.5914324251917
251,1014.0572777099128,760.4401344284057
252,1013.363723423699,760.518759064627
253,1012.9026500131548,760.5795312135665
254,1012.7936798274042,761.181951786846
255,1012.7426596122014,761.4558250095397
256,1012.6784836603963,761.7972020408857
257,1012.8845294219093,762.9395881674311
258,1045.1781753962912,768.8251813095081
259,1038.2000014808893,764.2864865470111
260,1018.6730925830655,756.0844027061858
261,1016.7968742767575,752.6306528062798
262,1015.5424273628455,751.9200297264182
263,1015.968279342998,752.1613870091788
264,1016.2010882240766,752.5192059857422
265,1016.2646818660378,752.6168692787045
266,1016.0715223630403,752.3201680556085
267,1015.7465053565068,751.8278646313272
268,1015.9031339624598,752.065254705336
269,1016.2255719186027,752.5570597228608
270,1016.2926796517879,752.6589114460486
271,1016.4046396564979,752.4884259257408
272,1017.7108785876828,753.9002360029677
273,1017.6681347657917,752.7951531430333
274,1018.7352904034741,753.9266380582324
275,1019.0347697432512,754.6448804830965
276,1019.2849322160033,753.3231408778757
277,1016.184625426672,753.8163190525324
278,1015.4025096975398,753.3959808940369
279,1013.9891749874544,755.5111321754292
280,1013.658159291071,756.4110880242856
281,1012.5815120957752,754.9076341376756
282,1012.5510885829817,754.9122882062304
283,1011.391651827896,754.192025197542
284,1011.0776648898657,753.9969223071961
285,1010.8441348449471,753.8519074139648
286,1010.8487864329667,753.8547982036467
287,1011.5838320848429,754.3127639974516
288,1011.5877186414641,754.315178519754
289,1011.682287157622,754.3741143062335
290,1011.8705982556916,754.4917327781421
291,1010.8486176386713,754.3626675061334
292,1011.4358908203403,753.8661569539587
293,1011.0236992556518,754.2111907662353
294,1010.9592657785895,754.2650798517413
295,1011.3032725831249,753.6325885199318
296,1010.6146680726077,753.8306386955026
297,1010.6634557865576,753.4178075517857
298,1010.6979288520556,753.1262394557092
299,1010.611158744587,753.8398830144349
300,1010.6542949171233,753.4827424844281
301,1010.6357637662582,753.6341606135752
302,1010.685262497023,753.228942822298
303,1010.64314552525,753.5859864093851
304,1010.723956940707,752.8686883604746
305,1010.7151027955209,752.9474684517036
306,1010.5734993977945,752.170695608089
307,1011.6113261334103,750.5078915625244
308,1009.9900826590039,750.5270828609705
309,1008.25150073507,750.6886920195424
310,1008.4295357412749,751.9220382263724
311,1007.7357100443452,752.6619870389815
312,1008.7169290236723,753.2985564385217
313,1011.4167810665243,762.5818901476626
314,1011.8318303797787,761.8750419952349
315,1012.1472499060051,763.1579247568611
316,1010.5940617907471,764.0025085832275
317,1009.8586650821807,763.4249967245141
318,1010.3518112176031,763.8110568023619
319,1010.1027694840677,763.6165594978614
320,1010.1778161572943,763.6755789679962
321,1021.2357751185278,761.7184445292685
322,1032.5773473875815,833.5187395773921
323,1034.1723222203586,834.9656412039267
324,1034.8922682540247,833.9146942260144
325,1034.3897866803143,834.1805476544552
326,1036.0176595072007,832.779142906921
327,1035.9961281253209,831.7242688028011
328,1035.476345412928,831.5911891940982
329,1035.506260832219,831.5886189664782
330,1036.1727649358054,831.5311902305948
331,1036.6307418334986,831.488568803948
332,1036.269985442767,832.135367219155
333,1036.5733388060016,831.5985266684979
334,1037.5497955083463,830.5579492144307
335,1036.7861335702867,830.8055365881019
336,1036.2809273302732,829.8565291308307
337,1036.135470935841,830.3917960657973
338,1037.3786390051355,830.0319024689759
339,1036.6590360319994,829.2638857320146
340,1037.2380670686,828.5359174468883
341,1035.729003873453,827.8185601784409
342,1035.558770158705,827.737690285389
343,1035.5568967398199,827.7368047965724
344,1035.1392041596737,827.5397114330322
345,1035.1068349349193,827.5244751447825
346,1035.0665009463637,827.5054044967999
347,1034.6926280003215,827.3293871412855
348,1034.2720067585565,827.1305389063472
349,1034.9288097782203,827.440230806033
350,1034.380244738612,827.1816276828666
351,1034.1600109577225,827.0776338407063
352,1034.0964000961235,827.0477778199355
353,1034.005890877911,827.0052836813195
354,1033.4578221853305,826.750300920063
355,1034.2225185891866,827.1076295409002
356,1034.4142546657063,827.1979428060572
357,1034.9465377821966,827.4564695457411
358,1035.1542476429534,828.3902435458311
359,1036.3350466487823,830.700060124974
360,1036.1559666274075,830.5634006794444
361,1035.3509670169353,832.0420504357526
362,1035.7416305988,831.1843404765629
363,1035.7909899180174,831.0756697104873
364,1035.6551063718173,831.3752241554554
365,1035.8094158888202,831.0359888063118
366,1034.3520226727007,831.9137511935219
367,1032.070359628457,831.9813519635272
368,1032.4573687297045,830.0856538503215
369,1032.3757346860739,830.4846272007137
370,1032.3726942389287,830.4995503601998
371,1031.2748727698233,829.1767207971278
372,1028.5029130619457,830.0393577176397
373,1030.4092096214297,828.7761619921522
374,1031.2643126639143,828.9587618120781
375,1031.2653052857743,828.9648848641154
376,1031.6801440456056,828.8774801927434
377,1048.8299035244183,846.6089997284253
378,1048.463781383985,846.2504688891377
379,1048.8131343653893,845.2507537165607
380,1048.6679937148656,844.2648816330582
381,1048.1808690347814,845.8432991744787
382,1049.0982408795278,846.5135132220632
383,1049.5728787943224,847.3323892041196
384,1049.3805253298626,847.0008553284995
385,1048.997878565108,846.3396528284084
386,1049.5575042570654,848.0140637841258
387,1047.240324674149,846.861875744538
388,1046.777366501301,846.6242336562798
389,1046.8227912968728,845.6339034359271
390,1046.8354728490594,845.3864342607959
391,1046.8129703637626,845.8289964828665
392,1046.8323239192396,845.4349052350904
393,1046.8224541599618,845.632944164046
394,1046.821392211105,845.6543125148096
395,1046.8583885270832,845.1486846968653
396,1049.0367799367925,844.101933412949
397,1049.3707461543338,845.4782058247764
398,1048.3646845157596,844.6743958990852
399,1048.951433779287,845.1445369967687
400,1048.8699474190578,845.0792644295656
401,1048.7269321639178,844.9647718672055
402,1049.4462155701997,844.617444266544
403,1049.5615204858173,844.561206372233
404,1049.8053733984423,844.442577961703
405,1049.8638215464318,844.4141761193631
406,1049.9985719924227,844.348646648581
407,1050.0595293424296,844.3189269589467
408,1048.2689970689783,844.8656647207854
409,1047.8999485514294,844.9781758920094
410,1048.458244973658,844.8089947839408
411,1048.5512044977586,844.7809199871441
412,1048.751155118327,844.720381021526
413,1048.1932143065192,844.8844239895598
414,1049.1809181703381,845.1106971763535
415,1048.8231676945168,845.027934429093
416,1048.441474097107,844.9394952067613
417,1049.1478551626608,843.764118645714
418,1048.9215586696462,844.1420194147911
419,1049.0711784439748,843.895901129271
420,1048.7707164954286,844.3828215264344
421,1050.1176287361427,845.424914137125
422,1050.6709729209783,845.2472159223801
423,1048.97533754692,843.5114770585656
424,1049.3538717400181,843.9670499402067
425,1047.7942391974598,845.2215674949867
426,1048.1970350890435,845.7150970700079
427,1047.5028046560467,845.5950166745822
428,1047.5697053405736,844.9839599819788
429,1047.5485000331425,845.1764776092266
430,1046.5810429169223,844.0076084293116
431,1046.5457551452964,843.9649999906192
432,1046.9443649885507,844.4393148802883
433,1046.3566379761935,845.0808274993279
434,1046.580266847556,844.8370480945022
435,1046.4525761790396,844.9754207140261
436,1047.27124523514,845.330079650209
437,1047.3453865887034,845.362406777339
438,1047.3608312702247,845.3691370589011
439,1047.6372094499122,845.4893313869211
440,1047.4504378972738,845.4080138260917
441,1047.8303707308514,845.5720481774191
442,1045.1580303729902,846.7070556128147
443,1046.186800472611,846.2239103732089
444,1046.3512249246648,846.1470487280757
445,1046.6424041410196,846.0103203533688
446,1046.551870875427,846.0526382374009
447,1046.4220067911408,846.1132454730883
448,1046.3594857267346,846.1424429935925
449,1045.862032706662,846.3592228036953
450,1042.5548891617632,846.5313395990208
451,1015.9510581454458,851.8261074906532
452,1026.070666684555,856.2515795450797
453,1025.3831716581567,855.1618835399942
454,1024.035232578402,855.6837499841776
455,1024.8723952797095,855.3619084065838
456,1024.7521952494824,855.4079071909055
457,1025.2068940563481,855.2841474988898
458,1043.8398710300587,884.3314710822567
459,1043.3162012408948,883.826037940879
460,1043.6959064770726,883.4824380121181
461,1046.2569542087144,884.6266893955645
462,1045.93659905517,886.0302145943002
463,1045.8641245966712,886.1081236793925
464,1045.7203979192907,885.7311551911338
465,1046.3943721568369,885.4933386038762
466,1046.974112416554,885.4342429659688
467,1048.572547467942,885.11735106014
468,1047.586398023599,885.3139328050152
469,1047.3247964575858,885.3654209500282
470,1046.8651764052356,885.4554811505595
471,1046.813064268245,887.2853539868041
472,1046.8124708396624,886.4810409079296
473,1045.4829295594845,885.7724044734248
474,1048.0488511532155,884.6622939928726
475,1048.3365332304888,884.5996441431017
476,1048.5176042635883,882.9252853600559
477,1050.4481121387369,882.7279495902305
478,1050.82609911374,882.6883628228047
479,1050.8699945474386,882.6276468798349
480,1051.3424606240044,881.9736568923468
481,1051.3592924729214,881.9503601304827
482,1051.6319594721863,881.5710247916367
483,1051.177080415458,882.2049403710018
484,1051.1116535508888,882.296048082666
485,1050.8422229466112,882.6716293196141
486,1049.4166637188273,884.1236391039349
487,1050.6681969449592,886.6375263036924
488,1050.6855318678085,886.6414998517539
489,1049.3875804911795,887.17700009014
490,1049.104885678795,887.2920260225106
491,1048.8534622536274,887.3936524805937
492,1049.4753595549919,887.1443391953778
493,1026.0243220958798,902.0051279403938
494,1024.2434871564762,903.1711665845125
495,1025.053488128616,905.1412876439676
496,1025.0990158547297,903.7469078162318
497,1026.0096331616196,901.3126506127203
498,1025.7020026299128,902.141755630002
499,1026.7705199031452,901.5108371094487
500,1027.0673817181262,901.0848438836506
501,1027.154377946959,900.9604103943102
502,1026.6986612549817,901.6101628975952
503,1026.6682069396784,901.6533528129409
504,1026.788516759679,901.4827076269423
505,1027.21772246577,900.873181781245
506,1027.7090860241087,901.0681101719669
507,1027.3306198351354,900.9185289429536
508,1076.1130849386102,921.9952618407083
509,1119.848850144611,963.6635776032663
510,1122.5237014485256,1004.895440714796
511,1126.884756204448,996.6265015904837
512,1125.8771359034993,979.4409792499803
513,1121.9381780517895,971.7908873319103
514,1124.6988454309808,975.1114974476421
515,1124.4570275477809,975.7349892767141
516,1124.391447282463,975.9045827653289
517,1123.8678476982982,974.0125963450646
518,1123.9076766533758,974.1567536896521
519,1124.2509261509276,973.4834236754057
520,1124.2578071464206,973.4886142527837
521,1124.6664317414222,973.7674426942302
522,1123.9888339892316,973.3045250063935
523,1124.31445340741,974.2996435726791
524,1123.0958421340963,973.9238879979225
525,1122.832876229357,973.8433772547908
526,1122.4072810661244,973.7148388791129
527,1123.1389195308714,973.9356598578606
528,1123.2694448520106,973.9747197355414
529,1123.416841838521,974.0194297686222
530,1122.785446493535,973.8266918707952
531,1122.9183967491151,973.8673032598257
532,1123.2316406484617,973.9628678128338
533,1124.0625721799563,974.2158962327113
534,1123.5136732211326,974.0663668442519
535,1123.1074052973415,973.953149065901
536,1123.6304663279705,974.1031322640209
537,1123.9364776112088,974.1914883817675
538,1124.2845786705068,974.2922701770487
539,1124.523680372712,974.3614357121411
540,1123.958460589505,974.1976510010271
541,1123.9838634592927,974.2050185618524
542,1123.6004812391539,975.173141149483
543,1124.0098021870253,976.0157962444997
544,1123.1963093572147,976.5646656462229
545,1124.3406568461226,978.7161854697258
546,1123.9955370718164,978.0736792274383
547,1123.793923158137,979.5043303406821
548,1122.9686557076752,979.7306738183274
549,1124.0113268189139,981.2130531707959
550,1123.9116096459288,981.635117115499
551,1124.7323980120827,982.0907545824555
552,1124.111718686705,981.7439536564251
553,1124.8035842500076,982.1309042979119
554,1123.8585799457499,981.603075137873
555,1123.863677379711,981.605936604692
556,1123.7878480375714,981.5632736170013
557,1123.5507720373375,981.4291691031051
558,1123.1057880161807,981.1853477445102
559,1123.217447771316,981.2466128661722
560,1123.2208171268605,981.2484583967369
561,1122.792940160098,981.0043021520509
562,1122.5930381248193,980.8901144445415
563,1121.289173093764,981.1555888444552
564,1120.928313307571,981.2279033092848
565,1120.8462683359733,981.2444803509056
566,1121.2023096463797,981.1722683678535
567,1119.7549895238692,981.2357562801174
568,1119.7639335863557,981.2353827451777
569,1119.6067561862508,981.2419520946344
570,1120.4038386047887,981.209194207819
571,1119.640701635157,981.4255075290182
572,1119.9009310021456,981.3516371962648
573,1119.9137629041027,981.3479951814331
574,1119.9134610035858,981.348081475302
575,1120.0382812952669,981.312510103403
576,1118.5076197811384,981.8350684071718
577,1117.7571553295734,982.8365982556783
578,1117.4164724782706,983.0463718599877
579,1118.0407571932033,982.2260419719581
580,1119.2272831280873,981.5476373355737
581,1118.6170472645772,981.7392570064893
582,1119.0396962905613,981.6112750428103
583,1119.5395788408973,981.4528190464084
584,1122.181831897911,981.8923671649827
585,1122.7521314015369,982.486818212129
586,1124.2463749196422,980.8105616208084
587,1124.3252396422517,980.7217156014697
588,1123.9297507322492,981.1672388062436
589,1123.8723509684519,981.2317336811675
590,1124.1319230440372,980.9401558437083
591,1124.417038507315,980.6189700504278
592,1124.4943517396173,980.5319334905859
593,1124.601375144586,982.0246177159303
594,1124.560028576254,982.549829201673
595,1124.663099267194,983.1543419374824
596,1126.107987382068,981.7621912763326
597,1124.8335290282303,981.8203480177367
598,1123.1858005916743,980.3159391451871
599,1123.307861966784,980.3764984408222
600,1122.7514682980661,979.6129560930817
601,1122.2822596138815,979.9530204891525
602,1121.8873979174748,980.0361904254326
603,1122.165617493461,976.8325000420202
604,1122.3455151525636,976.8770230422483
605,1121.418250713919,975.7521288918783
606,1121.9886190713314,975.5953606541609
607,1121.856356986097,975.093055273424
608,1121.8069701806046,974.9042910817111
609,1121.757134416659,974.7127091160319
610,1122.4353551933693,976.5922867388492
611,1122.271932652933,976.1395755454996
612,1122.201757739893,977.1171668972049
613,1122.2456682458467,976.4807090222137
614,1121.9377425871894,976.592727324201
615,1121.6126426842259,977.6197890658719
616,1119.8844127143445,978.982847365753
617,1120.6254983319093,980.5600209781776
618,1120.5352312200691,980.8643584725345
619,1120.5361261705634,980.8613573070242
620,1120.5986494904116,980.6509471146618
621,1121.1474778584231,981.9447030859474
622,1184.2506485315114,1002.0543079444892
623,1184.0173193930318,1002.1302698060072
624,1183.7227141578285,1002.353741655959
625,1183.0540357746154,1002.8626817926909
626,1180.9297072379532,1003.8072670667927
627,1180.7326096598524,1003.8948213986113
628,1180.2400257958984,1004.1048140746785
629,1180.4996528400243,1003.9937701147107
630,1180.6699189802544,1003.9209855536249
631,1180.340410991089,1002.6707234406902
632,1180.180748076293,1002.2423817416859
633,1179.569938842885,1000.877597358334
634,1179.1750914985105,1001.3564605467391
635,1138.87044138501,1021.3680758406317
636,1138.0985259152508,1038.5192588704706
637,1117.0642210323003,1044.087579877962
638,1117.109489569301,1044.0914325973706
639,1117.0702938503832,1044.0881315964166
640,1116.590639682009,1044.274842302435
641,1116.9994365026093,1044.11581887543
642,1116.7184373698215,1043.4843363934983
643,1116.8626619946447,1043.8085223020698
644,1117.0511991751155,1044.2321572710875
645,1117.383731413679,1044.9765435631696
646,1117.5045455850093,1045.249623902834
647,1117.471879041202,1045.1760576703236
648,1117.0808709137043,1044.2981926117695
649,1116.9021479623113,1043.88976545564
650,1116.8167786719862,1043.6933273641273
651,1116.632988551571,1043.2650590903422
652,1118.6282977851818,1043.6400692857655
653,1118.037211170244,1043.530146617446
654,1118.8722398001487,1043.6875934367627
655,1117.9578104533916,1042.2977092990484
656,1115.7535285398578,1043.161389498123
657,1115.336368197888,1040.8074924531136
658,1115.635486434373,1040.8935065848095
659,1115.3483177047697,1038.8161787972497
660,1114.9834784411237,1038.2894465105528
661,1114.9320169616828,1038.2152373521792
662,1114.9081450146841,1038.180838463742
663,1115.3034356039216,1038.7509964609371
664,1115.5134644182851,1039.0618057144848
665,1115.3880956661505,1038.8759687841425
666,1115.3276724631771,1038.7863863305151
667,1115.0105784368777,1038.4174726517408
668,1115.3664351568875,1038.8499998474508
669,1115.6267401831014,1039.166204949796
670,1115.713353323844,1039.271406529635
671,1115.1827659257638,1040.3420305123343
672,1114.9946459867854,1040.2305643202208
673,1114.6975007793624,1040.92528990765
674,1114.3424369673428,1042.2280223099065
675,1114.816523783351,1041.1964748176022
676,1116.5158403950518,1040.7786657229285
677,1116.7692099292092,1040.7166899597628
678,1116.959258681401,1040.6702790071345
679,1117.2058513804418,1040.6092519513736
680,1117.6587142978515,1040.496591617127
681,1117.2228602680318,1040.6046800114723
682,1117.040294869333,1040.6501391446757
683,1117.079614023382,1040.640423862114
684,1117.267074773961,1041.342397453777
685,1117.200562111051,1041.0939386738412
686,1117.1969509029254,1041.0804227952285
687,1116.8257193939385,1040.6935562381605
688,1116.4406180532683,1039.9018821671725
689,1116.276858737481,1041.8562721800934
690,1118.2092506457725,1042.5370503730526
691,1116.5770838279916,1044.2463924652102
692,1116.0771655230967,1042.809544242747
693,1115.9942541530147,1042.5010319227006
694,1115.077401871321,1041.6982957456003
695,1115.4792687093143,1042.0607249068487
696,1115.438020961955,1042.0234793757595
697,1114.4287657112695,1040.4145227537506
698,1113.6019683888605,1041.2103260063732
699,1114.0384695283437,1040.7881762162638
700,1132.6435505765971,1064.1877492861108
701,1131.158744026838,1065.1159382598821
702,1129.8058170434706,1066.4577487830659
703,1129.973548220297,1066.2909724805777
704,1130.0206369121674,1066.2442734048168
705,1130.027261947862,1066.2253554478712
706,1130.1465642858393,1067.0142779518687
707,1129.6932977352276,1066.8368738042677
708,1129.9875153454311,1065.2729555638339
709,1129.9429939532965,1065.5089522878761
710,1129.8569869117252,1065.9657523701312
711,1129.8552746335436,1065.9748461905913
712,1129.741913448189,1066.5922847350012
713,1129.7280995632732,1066.6680957505987
714,1129.730671850344,1066.653918064712
715,1129.5155643930327,1066.1379204987602
716,1130.076759167199,1065.8111989389702
717,1129.3413252938985,1063.8096950828372
718,1129.8023055516924,1064.0566564747567
719,1129.2082283501168,1065.8162255321988
720,1128.5657430335345,1066.490281606016
721,1129.6231795878157,1067.1526501120582
722,1129.5068651304014,1067.2954692175176
723,1129.7196491449472,1057.9888640221461
724,1131.1933829058935,1058.506012230086
725,1131.62785567622,1058.6530392966788
726,1131.8980444064898,1058.7443110956942
727,1134.0118308796737,1057.079544719577
728,1134.0854934313422,1056.92523033946
729,1134.0695447015112,1057.0081516954021
730,1133.31284265566,1056.7348020113927
731,1133.2154800874625,1056.8413139091372
732,1131.2731960355875,1056.1521438098875
733,1130.6410110086572,1057.9243099734008
734,1131.8720200737146,1058.7351621663609
735,1131.3465312088683,1058.7457155336597
736,1131.4268800420107,1059.1983301828668
737,1129.439805222114,1060.1937279463593
738,1130.4507003687613,1059.7368655023154
739,1129.1502328590223,1059.721860144461
740,1127.9115488142997,1062.3652969405669
741,1124.173317397838,1077.1570323138874
742,1075.6346676074434,1081.1857872774003
743,1071.2645407572675,1035.655955527129
744,1070.6937643243914,1034.9941659810088
745,1070.3307211552994,1034.3145708144255
746,1070.3375888562482,1034.3274066717843
747,1070.2540754658555,1034.171076156721
748,1070.2276768545914,1034.1215655272676
749,1070.0839755077773,1033.8515191882002
750,1070.0489793208374,1033.7856627389328
751,1069.8344951937202,1033.3744252830934
752,1069.7263764850984,1033.1676748486589
753,1069.6404325417523,1033.002133206235
754,1069.4738399494947,1032.6818785648331
755,1069.5793989932604,1032.8845929107065
756,1069.8453036580468,1033.3938963606263
757,1070.0447722328247,1033.7763032851938
758,1070.2247243823772,1034.122322356556
759,1069.8669496448767,1033.43534424671
760,1070.0522263366804,1033.937354410975
761,1070.0526581717816,1033.7710454549324
762,1068.670154891076,1033.2344295087962
763,1066.0555406427054,994.2481585899625
764,1065.7896693366324,993.2919163931475
765,1074.2680604846812,990.8137670690855
766,1018.1275902162192,967.5035529082472
767,1018.2763876476811,980.9333469791948
768,973.6912075636121,962.9359344012232
769,925.6384296035815,946.1261689286895
770,926.9660733253617,947.320121152753
771,960.6383955786615,955.0218450857192
772,964.6265063918232,941.2893690066162
773,963.9192263311029,941.5949036362954
774,964.2705197696587,941.8166749365107
775,964.3439591818478,940.4970026403583
776,964.3367604758921,940.6283841436041
777,964.3393862281947,940.5803010106329
778,964.2921298480574,941.4998371138042
779,964.2829352207578,941.6799742798927
780,964.2875979708956,941.5889265935954
781,964.043120792354,942.2275850800513
782,964.2531165949208,941.9751166828493
783,966.2525772128223,942.4498124580621
784,966.0446433127901,940.7362849899307
785,966.1354541987156,943.4084647347478
786,965.4529864784741,943.6418389252174
787,967.0353008336207,945.4017481766496
788,966.9328017074461,945.5422058431551
789,966.9584328660114,945.6162738413489
790,967.1217077334509,946.0655570001384
791,967.1668307982226,947.7529552670136
792,967.3286718417312,948.5220211103999
793,964.7967775161349,935.4550449453038
794,931.1927088626305,947.642470513967
795,907.8976974543314,948.8512674364868
796,906.2471297876502,949.343866261789
797,906.2061972415116,950.6800213055911
798,906.1672986614819,950.6699026434345
799,905.348898580171,951.9838672012428
800,903.1119693747412,953.6253866392283
801,903.553545527089,955.0278427478345
802,903.7291950429762,956.475386740507
803,902.9910595183128,956.7858782711197
804,903.0718559089362,956.9780996501586
805,903.3150701135462,957.2353595662096
806,903.9268800493019,957.7396914473472
807,903.8517623886759,958.1839637117691
808,903.4759661415151,959.7876632257462
809,902.1654652151304,959.6130223958667
810,903.7512186658208,959.0381202819387
811,891.0699576654727,963.3083831619548
812,922.0184665496182,960.7259303563436
813,931.3226239472392,955.9382496158503
814,971.8067053551213,927.7495520327087
815,971.7798506354709,927.9851420294473
816,971.8077598510426,927.7484324601538
817,971.8477455237428,927.4043167607117
818,971.8826254349505,927.1107408686771
819,971.9126281122058,926.8550065170834
820,971.898468538753,926.9744400635882
821,969.3608965380322,927.8224220608548
822,969.4876095480486,927.9816851353428
823,969.3343226077931,927.7891855161239
824,969.3052345329056,927.7527215425077
825,969.2851600475882,927.7275557500373
826,969.5814687891865,928.091470620644
827,969.6689622917513,928.1991137022496
828,969.6332244106294,928.1552021974968
829,969.3774194152661,927.84029793931
830,969.7131787403954,928.2801193197203
831,969.6890347808784,926.919631269591
832,970.7119325187412,929.0509013603414
833,969.696476184824,928.1030595870639
834,969.293746255814,926.3369020875655
835,969.3092687158986,926.4053024548134
836,969.3024269868963,926.3752947832768
837,969.503093446915,927.2479616708509
838,969.5271345486933,927.3527907911484
839,969.7783618959936,927.3341689108236
840,971.2830266546711,926.493598014967
841,971.2279429822822,926.6801347857925
842,971.2188859499037,927.0370469117935
843,970.9905866279672,927.4796655180995
844,973.2725782439093,927.7362730904097
845,974.756388013171,927.7652708534625
846,975.1286549166321,928.3354547728081
847,975.7090271005243,929.8857601013456
848,975.7636716481675,930.0323844279792
849,975.9287281876022,930.4793336773035
850,976.0920428604729,930.9429015910993
851,975.9088070699695,930.4520614344483
852,976.750246364236,930.5826183484612
853,976.2068930151487,931.654430333738
854,974.8574166676658,933.3445880727619
855,974.8819510335134,933.4472980859846
856,974.8638437808902,933.3712911414892
857,974.782033213892,933.0282122097688
858,974.8097621129529,933.1454186971737
859,974.8538509736945,933.3326333092778
860,974.6809020223658,932.5969534232592
861,974.515758612707,931.8920422059297
862,974.4248813539176,931.5321297892194
863,973.8315018771242,932.9820326914166
864,971.390782407241,934.0574867969781
865,971.8544936911094,933.8257679219375
866,971.7773325728268,933.8642943226384
867,971.658562797934,933.9236680054162
868,970.9031566179941,934.3020049989765
869,971.5551730433963,933.9751572922082
870,971.4184182886643,934.0439554488817
871,971.4254822634842,934.0404188634152
872,971.2761630585876,934.1157066115308
873,971.995564982328,934.1719276936135
874,971.9266224035534,934.1725805835706
875,969.1765999964392,933.1959232306259
876,968.6374999249322,932.00394418927
877,968.806766726357,931.992055213057
878,918.2824486361447,948.9370432606245
879,934.002257483286,967.7327411332722
880,956.9022354791833,940.9587864122403
881,973.2077165051286,866.0153431038924
882,966.3613148519743,838.3580704672254
883,970.8872020417868,868.4625111246868
884,962.2820863309946,867.2596125107465
885,1016.2236519156819,911.2767683945013
886,1027.1640825211882,881.496753669035
887,1028.1753009440504,881.1385145117051
888,1027.3669883085884,881.0406500945357
889,1026.3341878534982,881.1366233270483
890,1025.9859595695923,881.2789312018216
891,1025.5720605296256,879.5338818370855
892,1025.5728317846608,879.5371241824962
893,1026.746341828933,880.7778411331004
894,1027.1001057646688,881.0970744136298
895,1027.1788111900614,881.1683747012314
896,1028.3558852028027,881.4906370269325
897,1026.2098956714426,881.0858866123897
898,1024.519317215165,881.3855347345067
899,1024.9621794365032,880.7843088596148
900,1025.7801526370713,882.1574151878269
901,1024.4860940515882,880.1276818927504
902,1024.1663430777023,880.5716403526945
903,1023.9738100073952,880.4975433887954
904,1024.544473674603,879.6862825306177
905,1024.7743677643102,879.3579958655846
906,1024.971336149475,879.0791340301791
907,1025.119696579011,878.8683573774576
908,1025.1947758753274,878.7624223896187
909,1025.7000484931689,879.0995663905021
910,1025.6890122249165,879.0922056469576
911,1025.0303964578502,878.653514064003
912,1024.9390502029576,878.59309945169
913,1025.3864658576488,878.8983432063552
914,1025.671774734664,879.0924719626403
915,1025.782001112586,879.1672398823897
916,1025.6031654893222,879.0459721319655
917,1025.5424424482842,879.0049260560453
918,1024.238690210146,878.9818759070821
919,1024.720258304322,878.5217797775485
920,1024.248487597994,878.7955701958975
921,1023.9249512683216,878.9848789275832
922,1024.2819878891687,878.7761018146041
923,1023.7537712180211,879.6032642746814
924,1025.6975061834685,880.2748871015963
925,1036.8102961761786,876.763387892629
926,1037.1058732905349,875.397570480839
927,1040.6273703359052,875.0033645596698
928,1040.3354130085456,872.3212621099362
929,1042.6402198648923,872.8775208004336
930,1041.8687826454602,871.4411926487875
931,1041.949785889036,871.8957674362285
932,1041.828024325831,871.2151981794882
933,1041.675034259275,870.3600242781008
934,1041.6304586487252,870.1105255280305
935,1041.7571511632582,870.6170887958167
936,1041.6057918070414,870.0118791281768
937,1041.5670181968187,869.856160906374
938,1041.5756578104779,869.8908903093214
939,1041.6804787817935,870.3072315152345
940,1041.7673973571987,870.6926527836656
941,1041.8737600388474,871.1318952873567
942,1041.900712769154,871.2428572914237
943,1041.8198623634423,870.9101555629867
944,1041.767987396548,870.6958590692625
945,1042.1164502103368,871.0989967674456
946,1042.0869489283234,871.0648731240533
947,1042.0033483934114,870.9683220655306
948,1041.4700096976533,870.3526102205714
949,1041.4628528341889,870.1248207888781
950,1042.888227278474,875.6085163583421
951,1044.9572616024375,883.5014461982003
952,1056.3072579333184,823.8143572167979
953,1050.7420354886517,788.8438674470474
954,1072.3532780928308,756.3448331373121
955,1106.438163852441,704.5614029093423
956,1105.8613880628095,702.838058317759
957,1105.4233931030067,704.1826161811338
958,1104.7801255332108,703.8741185732785
959,1105.3832787797628,703.1701869851619
960,1105.326544468977,702.1096534238217
961,1105.3149572322254,701.8827807540639
962,1105.605381147064,701.5981357741164
963,1106.3859507846166,701.5810139427012
964,1106.4416840691129,701.5969965802592
965,1106.6385263296604,701.6532310419811
966,1106.4441150442906,701.597490892495
967,1106.5363817641628,701.6237944371659
968,1107.107335780179,700.7786591757405
969,1107.1158809696758,700.7659791841285
970,1107.2386391938205,700.6829875903189
971,1107.8947751888106,701.4760092838281
972,1107.8524776730223,701.8638644750193
973,1107.473832894619,703.8896714205165
974,1117.0793121207205,731.409340649963
975,1069.585999929878,650.2236767358461
976,1073.840488602158,653.693707647059
977,1137.021451907719,652.2382078091226
978,1136.4414900482504,653.5485751041483
979,1134.5922595332072,655.4318188898332
980,1134.2297488788497,655.6923537794448
981,1136.5586283413152,656.3546764422524
982,1136.4908559249195,656.3353912500926
983,1136.6971053305679,656.3936541398323
984,1135.964733455749,656.1874530151413
985,1135.727837126891,656.1210279662911
986,1135.9353683997272,656.1795663395767
987,1137.111272058889,656.5105222441362
988,1147.2328431368092,666.6816820786728
989,1161.6217507090867,664.4512759284165
990,1128.002336337471,652.0476389422439
991,1128.575760927766,652.2577235716145
992,1127.8792510054568,651.9992459365545
993,1128.452026225766,652.9056580903122
994,1154.9911113538442,667.7615561762157
995,1200.5375805356723,677.0401857461736
996,1198.4501654665366,691.4461047617818
997,1197.2084700596808,691.1158636775461
998,1180.2104348782966,679.9012296366233
999,1179.3375859138137,678.1362165721013
1000,1179.8016942051217,679.0732671250236
1001,1179.6497267516659,678.7660463577417
1002,1179.5347706707337,678.5335958305546
1003,1179.7035096435543,678.8743473044158
1004,1179.726997616282,678.9216184726374
1005,1179.2845361288435,679.5528008237468
1006,1177.8928554891709,680.5122370581504
1007,1177.8444316225455,680.545741975234
1008,1178.3660042786987,680.1867810345832
1009,1178.6247514576962,680.0082430749587
1010,1178.8563810983642,679.8470074965544
1011,1178.438863065956,680.13418688527
1012,1178.4287426979797,680.1411398464048
1013,1178.194459979093,680.30321905621
1014,1178.34606321689,680.19844401506
1015,1178.0196253689157,680.4262761859342
1016,1177.8576556120481,680.5386015047495
1017,1177.4586309110584,680.7179581850448
1018,1177.8681248463977,679.2148983876045
1019,1178.6294178745097,679.1161655757611
1020,1178.4433459480526,679.1602121047591
1021,1177.452089017922,679.8318447088883
1022,1176.4135262556654,680.6460815952256
1023,1176.1534639423903,680.4974121616607
1024,1176.1574697446442,680.6518634985202
1025,1175.3710726863096,680.1504534343433
1026,1174.8461029458879,679.9307212978154
1027,1175.9714891603844,680.9372703063277
1028,1175.9522536965803,681.0425900717363
1029,1176.063954908355,679.2886879636517
1030,1176.0371251683177,679.7078135017723
1031,1176.0456270974796,679.5713074645138
1032,1176.0386580207837,679.6837122483302
1033,1176.0358083873214,679.7295205602936
1034,1176.01812499674,680.0089045433433
1035,1175.963790379423,680.8552933885903
1036,1176.7394235752004,681.3967090025028
1037,1174.2041207093037,681.358892451988
1038,1175.1078813951353,680.6318426365381
1039,1174.6054525397094,681.0372401146184
1040,1174.9688606989303,680.7438218283905
1041,1174.9510762440646,680.7581673358895
1042,1175.0563734074678,680.6733449425931
1043,1174.7816512171596,680.8913990994114
1044,1174.9830860354787,680.7312654498562
1045,1174.8591284070499,680.8302165814828
1046,1174.8554647423302,680.8331295412299
1047,1175.5909910255086,680.2504544398142
1048,1174.7144599396356,680.5319424179289
1049,1173.9200535309292,680.5644056894332
1050,1146.6324711351324,681.6826264878065
1051,1125.8521933671466,671.917459843338
1052,1127.052876130411,672.197487327849
1053,1127.7111768465318,673.0799712172852
1054,1128.5103656638514,670.6094616209703
1055,1128.3900049726008,670.9814377195596
1056,1128.5244645007915,670.5596666119968
1057,1128.9697195620593,668.9497217506314
1058,1129.9843076712339,667.5670212678701
1059,1131.0495770654115,666.6498560897222
1060,1118.455418167831,694.7636896300249
1061,1118.1443629670532,693.1308592511543
1062,1117.8933250627977,694.28749172271
1063,1117.921006692401,694.1604380241547
1064,1118.0600527757754,693.521565268574
1065,1118.1589215477215,692.9937061507698
1066,1118.0159576012138,693.7584231670784
1067,1117.989531033407,693.9002640886566
1068,1118.0516255969872,694.1297531688707
1069,1118.7153881793754,692.7693345521818
1070,1118.6715607060432,692.7744488400605
1071,1118.0178133844975,692.8910604703003
1072,1117.0310057457732,693.8179597950618
1073,1116.81897406354,694.0177033002458
1074,1116.725740447736,694.1056150095463
1075,1116.103116205138,694.9896931222792
1076,1115.6342979216815,695.0592047166764
1077,1071.3132121089234,681.8943010020223
1078,1072.1408563323316,683.5399764135444
1079,1096.2666463558824,694.3599529739928
1080,1046.4437816660004,704.9863224669845
1081,1054.0557714183283,711.2058744389362
1082,1054.4357525229773,712.3612261955107
1083,1054.4771202945049,710.3764175559393
1084,1054.4756456866307,710.4535541366885
1085,1054.463474179424,711.1294588985031
1086,1056.0702220947535,710.6684381137948
1087,1055.6653358101241,710.7242596286071
1088,1054.5544364058167,710.8785887117895
1089,1054.4198678963376,710.8972696886855
1090,1055.6412922819788,707.5515663652981
1091,1054.4838517401831,707.6783299920603
1092,1018.8647958577992,704.3780501297917
1093,1004.9771979251866,744.4366161857874
1094,993.9547962949775,750.6717452750263
1095,1052.612407681267,791.2731171654087
1096,1076.416128404741,798.0999819200607
1097,1055.2299754020762,782.657527904349
1098,1043.867852801493,749.497619416399
1099,1019.0751778895167,697.8704038015065
1100,1021.5890363840431,695.3173762034592
1101,1021.6221600429951,696.5723922683895
1102,1021.6080908776974,696.0366292523662
1103,1021.5879322927248,695.3055426575154
1104,1020.5831366974251,696.0989640713776
1105,1037.6514065528524,709.8082361282093
1106,1059.8449717557485,686.7814067440829
1107,1060.4316686076106,685.0686034894896
1108,1060.4698399621768,684.9556024603868
1109,1060.6021422305432,684.562962649181
1110,1060.6120672637412,684.5335697321589
1111,1060.7323088603262,684.1810115672605
1112,1062.3765949159056,684.500216451458
1113,1051.6587186416434,632.3646445156512
1114,1052.0839626618401,633.3195213107841
1115,1052.0560042881466,633.2947528512085
1116,1050.825226899659,631.6358527840391
1117,1051.5111282841633,631.8230863564067
1118,1051.9139799498191,630.2695312576805
1119,1051.271068752541,633.949362886048
1120,1051.9331858211353,633.9928418849488
1121,1052.1262770854626,634.3661122836769
1122,1052.3997803650616,635.6079580062715
1123,1054.1112347553453,636.3346185807517
1124,1054.9757954696458,637.8174132575248
1125,1056.4775852383118,639.9576321757644
1126,1059.4204540798587,639.5992652449602
1127,1116.426571475089,637.4447606239363
1128,1115.6771082906414,638.1149299987186
1129,1114.904104965032,638.5786382828531
1130,1116.5751736966006,638.7730531671592
1131,1116.775242753029,638.7961192383794
1132,1116.0234788894493,637.6712624098484
1133,1114.5633342657427,637.356400436367
1134,1113.3099328386875,636.0863547811143
1135,1112.6314025134734,636.5835142133224
1136,1113.250045932445,634.7874148982684
1137,1113.2447301435145,634.900025030831
1138,1112.2503315801516,634.1198992162065
1139,1112.3559068321717,634.0868161324772
1140,1110.8077113855993,634.2344999737867
1141,1110.8358255972232,634.2237015803775
1142,1110.654417334415,634.3217158235636
1143,1110.0470039564727,634.987837941508
1144,1110.4830446287244,634.5089334925987
1145,1110.3280261626653,634.6798032719106
1146,1109.9778475049532,635.0214701225773
1147,1110.0266578147057,634.9738054179053
1148,1109.9715967477978,635.0274089994341
1149,1110.2278765628917,634.7779683693478
1150,1109.962862279376,635.0365382254004
1151,1109.9136750399334,635.0845814669107
1152,1109.8344767183885,635.1615764575771
1153,1109.9413438155275,635.0577553344802
1154,1110.0824682854939,634.9205752640446
1155,1110.0940450346309,634.9093481935832
1156,1110.06266126726,634.939824201556
1157,1110.5393829646298,634.4762123464061
1158,1110.6938637168344,634.3265698721623
1159,1110.7824048587734,634.1694359015971
1160,1066.2817952548164,642.055314243016
1161,1066.17100091297,642.1441145052702
1162,1066.5252982450481,641.8593717396496
1163,1068.8297695336921,641.5661579598406
1164,1073.4496019371143,621.0540791747223
1165,1078.8726686033174,615.8474898264307
1166,1076.9971227638307,614.8415235119612
1167,1076.9449738040691,614.6723160103138
1168,1076.7561899127538,614.7632534969894
1169,1075.1969748612541,615.1931916718463
1170,1075.9243825881483,614.9915489711304
1171,1076.1455111431553,614.9305592819675
1172,1075.2577048374656,615.177236520603
1173,1074.882604624185,615.2812372962363
1174,1076.3111532925154,614.5313934212218
1175,1076.5089700250926,614.5045852456548
1176,1076.5941139760478,614.3064723084534
1177,1076.3580243238682,614.7738955893251
1178,1075.0510507259687,613.4788350446248
1179,1075.434571993106,613.8591363397131
1180,1075.447759406955,613.6214627398795
1181,1075.884513056379,612.8001873224291
1182,1076.0684888919166,612.455935571104
1183,1076.0086271410048,612.5680542527482
1184,1075.3594195411592,613.8114025196252
1185,1075.6474484542075,613.2574240415865
1186,1076.0165211306999,612.8570839471935
1187,1076.089772672635,612.7774040347729
1188,1075.665555496268,613.2436593943364
1189,1075.0154617806395,613.4038860601679
1190,1076.747828412796,613.1376233006196
1191,1077.9817935162655,611.5780053759395
1192,1078.1669919630517,611.3428422891692
1193,1079.1259967531864,613.2428390935888
1194,1077.0930800979577,612.3986947752039
1195,1077.1286520881401,612.1756020269041
1196,1062.0640810216357,615.6352028905312
1197,1112.8287294743698,620.3474180429091
1198,1123.5117758613233,635.4847000356591
1199,1143.3142410724483,700.1672307001489
1200,1102.912154046894,713.6717491869563
1201,1101.7343287429655,713.2897146675081
1202,1101.8873432586097,713.658956760562
1203,1101.7744802595287,713.3864409282245
1204,1101.9032858188434,713.701412850677
1205,1102.0045956104943,713.9479506922779
1206,1101.838762670893,713.5265863944308
1207,1101.6892819324135,713.1478589701304
1208,1100.7348448368116,711.8574750411519
1209,1099.8965535971972,712.5303920905529
1210,1069.9215052652955,714.7051367310671
1211,1069.8901093128882,714.2674636904848
1212,1070.6537236249449,715.0104338939626
1213,1070.4638211539232,714.8256998168329
1214,1070.7623657080283,715.1166454425434
1215,1070.7930473684232,714.9885393172714
1216,1070.4535079197578,714.2498905328208
1217,1068.6995086934407,713.7860809754836
1218,1068.6815443515773,713.7737435715727
1219,1068.2321454919368,713.4641773003628
1220,1068.0648935620106,713.348243953736
1221,1068.095339089813,713.3692901777611
1222,1068.0946370806412,713.3688044275142
1223,1068.1083465579995,713.3782787225385
1224,1068.5572406788708,713.6880619621871
1225,1068.40319706971,713.5806627795711
1226,1069.0847041743802,712.0602323284169
1227,1068.5483355656922,713.1106459955998
1228,1066.1948045286604,712.7497339792909
1229,1049.9874918138435,680.2482884239046
1230,1066.93485619179,671.9051934626664
1231,1027.1258457340305,664.8224292170328
1232,1000.0434282041676,619.5434174283653
1233,980.0131599044461,670.5347678827709
1234,996.7811681657502,671.8637505134312
1235,996.6539062623884,672.0407260548864
1236,996.5763372536247,671.7385813988778
1237,996.6425758879251,671.524118204421
1238,996.6375045230167,669.6576840476213
1239,996.6387235782408,670.3606034092586
1240,996.6387295917716,670.4345036823375
1241,996.636626694061,669.7240838379041
1242,996.3201348469462,671.343095403003
1243,996.2043504867233,670.239498357526
1244,996.2069288762281,670.2641600296163
1245,996.1882249114121,670.0802870220072
1246,996.2078738923152,670.2735810264312
1247,996.2948407565282,671.1383890027125
1248,996.3086153319343,671.2752570095454
1249,996.3160143979713,671.3489231972206
1250,996.3421629638714,671.6095938787361
1251,996.3348909426674,671.5390712042891
1252,997.3017929373682,671.3721631286246
1253,998.5158517907698,671.8510315522589
1254,998.8376954110674,671.978320289454
1255,998.6280161212559,671.8952725151248
1256,998.0374020735827,671.6622377968205
1257,997.981633366841,671.6402543372739
1258,998.4813132532612,671.8336331025004
1259,998.1906518517463,671.721140538714
1260,998.6358721809132,672.0602868968658
1261,997.9767020159283,676.160445769579
1262,998.3596299652968,677.3280706273654
1263,997.8805484262945,674.9113810528577
1264,998.0394278895244,675.0483634009788
1265,954.3729172239362,687.9400954873694
1266,955.1127962316648,689.1659803226064
1267,956.1762294808426,690.7476326007026
1268,956.9033263739009,690.4791416705991
1269,957.4112840611641,690.2627378742787
1270,956.4275857964585,689.3061102603441
1271,956.2064815895737,689.091543934947
1272,956.3142479104243,689.1960686799644
1273,956.1369887513066,689.023709357733
1274,955.9694833240148,688.8616433459598
1275,955.7353150036355,688.6350176437911
1276,955.9814719668241,688.8730241740041
1277,955.9490071307769,688.8416569185781
1278,957.6754084100155,689.5165946763691
1279,958.4470445956254,691.217801759519
1280,958.502811575219,691.3417349301353
1281,958.5560728677214,691.4597780139292
1282,958.6136675698248,691.5879381020284
1283,958.7307363352829,691.8465855744535
1284,958.9623808160072,692.289308150369
1285,959.1399735974777,692.6288678321395
1286,959.0334008576316,692.4250021458324
1287,959.0001466476685,692.3614215620536
1288,958.467389974365,693.6179061418394
1289,958.4461194573091,693.6678790946297
1290,958.0079797353376,694.0740171019563
1291,958.6401484966717,692.7463303480911
1292,959.7030251973324,693.7821325636788
1293,959.2567466515252,693.3479825466716
1294,958.902341064306,693.0074988881397
1295,958.209466019026,694.3165113313736
1296,958.5375871929089,693.6931960967963
1297,958.7615806318636,693.2459802884586
1298,972.6493532604046,690.4663934889641
1299,954.2715420329185,684.8892182102841
1300,999.3291366379195,658.8429815143813
1301,1018.908758416019,658.2493141421661
1302,1018.4202182500042,657.6244300333993
1303,998.1657453199535,644.4641452703494
1304,998.0467814223583,646.4280955484851
1305,998.1940400756461,646.3008461210935
1306,999.1216364884673,647.2986319324068
1307,1028.9462775798447,646.1087903913769
1308,1029.3316181763753,657.8102364609712
1309,1080.9238457938206,678.0565257492725
1310,1080.1541237746637,679.3051703785668
1311,1079.3995772870157,677.5465875709933
1312,1080.1173098858176,676.9543046461089
1313,1080.1193528140245,676.9526217482152
1314,1080.935190743301,675.6910926817636
1315,1080.9170433562585,675.4941312595352
1316,1077.34038868206,674.3685788172879
1317,1076.518338038803,674.2816172734518
1318,1076.4141217889003,674.2038881689576
1319,1077.0744446013875,673.5020476565036
1320,1076.9553087900579,673.6281837546469
1321,1077.2592811284228,673.3022933473281
1322,1076.5425928400398,674.0752484460668
1323,1076.2479466185548,674.3942343100399
1324,1076.7030915605865,673.9052845825545
1325,1076.8829748698631,673.7117996230568
1326,1066.509810089119,702.7197852554825
1327,1064.9912405694793,702.1642798897369
1328,1053.5363059937329,687.3210767835534
1329,1023.7692604161156,705.1503674302476
1330,1051.3471809464736,702.1745638196599
1331,1073.0095590913895,704.6526048639728
1332,1076.5524358393584,702.9646033469811
1333,1092.5719073942048,703.8093143452649
1334,1091.6634338014283,703.4933006491548
1335,1092.670701494036,705.0508707386211
1336,1091.7293500568499,704.9819253688946
1337,1069.5029056151072,708.8426090089815
1338,1098.2322111102296,642.2657414757635
1339,1097.9171551934426,643.5957065604888
1340,1110.4377957834272,717.1422565772672
1341,1161.9775020355498,738.3130513252798
1342,1158.986959350455,793.4096781658383
1343,1182.000597526589,826.7003309660897
1344,1183.2465996309695,824.4626637478856
1345,1182.9677516911675,824.335199241102
1346,1182.4495576929144,824.098669430071
1347,1182.6076472776806,824.1709795015408
1348,1182.7652272474984,824.2428327020602
1349,1182.9468500037653,824.7620364311349
1350,1185.1494760805704,824.4770778743018
1351,1185.2174552941776,825.2902619919919
1352,1185.25380299189,825.7277442944048
1353,1185.067232390632,825.3757283442541
1354,1180.5221366414492,821.7075225163576
1355,1194.5063613072025,836.2598605874282
1356,1239.8204361317935,819.0940728623058
1357,1294.1093348754418,812.0648917043476
1358,1276.7503643073076,819.111956731505
1359,1298.9684040140003,797.8396182440814
1360,1299.3664170313423,797.4396464818786
1361,1299.332114125172,797.4741440699305
1362,1299.473311389267,798.4253508036763
1363,1299.8890668624078,798.8557819383833
1364,1300.1778338193988,799.1562772460502
1365,1300.3938140828639,799.3812668983574
1366,1300.4107043440733,799.3854390147562
1367,1299.9016333680509,798.3583689505117
1368,1299.5522447441854,797.6711174303695
1369,1297.6495017324678,798.7217412494576
1370,1296.0179915978792,799.2989972095098
1371,1297.810036949269,799.7064896070642
1372,1298.8110890083635,798.4126175346867
1373,1299.4215877839517,801.2869186306101
1374,1299.2310186376892,800.387026007282
1375,1299.9150046171726,798.6077725057746
1376,1309.6476843977978,784.1267848060108
1377,1331.4747341963557,746.6817835266747
1378,1342.9920066814534,735.852069924475
1379,1309.7173699995637,753.4587172391355
1380,1328.4877231253831,735.049081812553
1381,1321.753837533349,753.2451170065988
1382,1304.945228069635,741.3994162517529
1383,1306.5052809910312,742.3875834936738
1384,1308.4684590900981,739.7956495033233
1385,1308.3786941264416,739.7334134436999
1386,1307.0195924737375,739.2429271960123
1387,1306.9371971076976,738.4531024338489
1388,1307.6786641118701,738.4491348693044
1389,1307.2970229260386,738.4511801419407
1390,1307.2031778665146,738.6223863506683
1391,1306.5139305636876,739.0049343195734
1392,1306.5958701322936,738.9593179443624
1393,1306.1504096236988,739.1989185150026
1394,1306.8424003869372,738.8279675405566
1395,1305.0983945162593,738.8694028179158
1396,1305.115056807131,738.8689957163926
1397,1305.0900761640864,738.8695961122614
1398,1305.9164514962042,738.8484451306274
1399,1306.0543720658875,738.9054215236188
1400,1305.1479244959517,738.5318643619116
1401,1305.1084650019557,738.5155552671049
1402,1305.3300339082605,738.6073041248198
1403,1304.9624717162612,738.4569441039507
1404,1306.658506286108,736.2096404665594
1405,1307.0132755346308,735.9139617250516
1406,1306.6493900299604,735.1148967235977
1407,1306.8099113246126,734.909982520224
1408,1306.3510357085556,735.4949936194491
1409,1307.4899738669537,735.1248507987993
1410,1306.206265729603,735.8272218774243
1411,1306.602477779213,738.4134390395687
1412,1306.6001324435806,738.3980003533142
1413,1321.3914516634893,784.8215657629066
1414,1320.4229932808196,785.837822475225
1415,1320.398278472462,785.863775890247
1416,1320.8406032362964,785.3920291590133
1417,1346.0524916481468,777.6902323675605
1418,1424.6873981422605,863.9963108330223
1419,1415.2310115097607,870.374569897382
1420,1405.393867349419,884.1790380656593
1421,1407.4674795036997,922.8939567897031
1422,1408.5364337924912,923.0317025587628
1423,1408.4136650730325,922.5744733895017
1424,1407.805345968084,920.7605131963048
1425,1408.4108047428213,921.7415236210529
1426,1415.5856629435914,901.2880587959622
1427,1415.9975189629638,900.903555055557
1428,1416.1570471402224,900.7546149463197
1429,1416.2559973046793,899.2295543801488
1430,1407.8784846089923,890.3371260336708
1431,1411.4826549659165,895.9410886698715
1432,1398.3126795540884,870.3439868575977
1433,1391.6623807087228,857.9050128711899
1434,1391.7109933393672,857.2563196848023
1435,1393.932030975844,856.5006896477719
1436,1395.5834633233187,857.123950656101
1437,1395.8382950891887,856.7129615417203
1438,1394.9896140495348,857.8525835899015
1439,1388.39701116543,883.703250165488
1440,1389.8848638078784,883.6889854793827
1441,1389.7994998027236,882.9929238725289
1442,1369.7137044587857,853.0579719322754
1443,1369.0753532039873,851.6460059114477
1444,1368.750335690609,851.8558448486683
1445,1367.7223096207226,851.1812603863682
1446,1367.5109512672332,851.1226828076058
1447,1364.6205842870093,850.6140276584761
1448,1364.444283516472,850.9282642372818
1449,1364.3103011503886,849.8763575376839
1450,1365.041426820772,849.6433437234718
1451,1365.6932243464576,849.7335065318858
1452,1360.7959792590411,848.0186948955902
1453,1319.9648179907445,889.849080623852
1454,1358.5343458663815,927.7710472912854
1455,1358.5664757471766,927.8931708979345
1456,1359.9356785437942,927.3600108116771
1457,1353.0406431580193,914.7471870499439
1458,1313.4598121112158,858.724029749662
1459,1304.8222097079183,834.9163583589491
1460,1300.5672900195127,833.6669362058631
1461,1294.6260469317212,833.2558301200678
1462,1253.569894562058,845.3578030414476
1463,1283.7715557524882,856.8013787871004
1464,1245.2874296111875,849.3295426397075
1465,1253.6712797290695,854.7772853516983
1466,1274.5802157738508,862.7980635150295
1467,1279.6014120510058,862.0234580328452
1468,1276.3861586890444,896.0830194299783
1469,1269.799673614676,892.3761273717242
1470,1269.1672615121138,894.4836976048073
1471,1269.0213730673554,894.4811043743762
1472,1267.9014304870225,894.4871949139829
1473,1267.7516154437358,893.7413133001398
1474,1266.942679159095,894.0898280551256
1475,1267.531633386723,893.8375270001836
1476,1266.9544485828048,894.0857306172713
1477,1266.839398827491,894.1350534012706
1478,1266.0371676615825,893.9650567329409
1479,1265.5746040564693,894.7198329772308
1480,1265.505175864503,894.8330353024548
1481,1265.3758628230605,895.0443880305631
1482,1265.3471837623995,895.0911635670391
1483,1265.4660349352282,894.8973610757522
1484,1266.7996771859953,896.8239723039683
1485,1267.5676251684822,897.5804716702173
1486,1267.7961981091562,897.5884991123601
1487,1267.68484265303,898.7632434350762
1488,1267.6566636106713,899.0626065229337
1489,1267.7368887151677,899.3658973552874
1490,1269.2434707095827,899.638257111697
1491,1270.198008119289,900.7441340104671
1492,1270.1651271447872,900.7060870676153
1493,1269.564075291634,900.0138192137609
1494,1269.6072887018877,900.0636851303997
1495,1270.1453732952577,900.6848285942638
1496,1269.3544318130555,898.2969245595636
1497,1269.3230073343598,898.2023493008896
1498,1269.3341405462768,898.2357028920978
1499,1270.2137456476119,899.7315513754983
1500,1270.0598730316528,899.4843994383002
1501,1270.005795026737,899.3722192223936
1502,1269.3103783965807,900.7185878657397
1503,1277.4383396462779,875.9044822811022
1504,1275.7549012681307,874.5473764949317
1505,1276.4022656149887,875.5859291191729
1506,1277.5093909664433,874.1894921069434
1507,1276.8010393460409,873.7407129803679
1508,1277.2681362251103,872.3576917701205
1509,1277.3957309424998,871.9661668511534
1510,1277.3819321505937,872.008468585211
1511,1277.2978855893612,872.2672100928277
1512,1277.3175000916824,872.2069255009307
1513,1277.3319849453105,872.1623643049138
1514,1276.6097298205527,872.1242346656566
1515,1277.4116067354116,872.1656309279283
1516,1276.8248488037345,872.1284457602046
1517,1277.557174833098,872.1745197871635
1518,1277.5904176213876,872.1766015193357
1519,1277.7142925581807,872.1845810205954
1520,1277.1756553719727,872.1501724981081
1521,1276.2192940649584,872.089040977176
1522,1277.2760900001406,872.6149009821686
1523,1276.695558430744,872.3194240640205
1524,1276.4500459277683,872.1951794572026
1525,1276.5770681991103,872.2592195489458
1526,1276.4943902349708,872.2175806268723
1527,1277.0918765714914,872.5192432015909
1528,1277.1809711045541,872.5640872268173
1529,1276.5582116143164,872.2459407252571
1530,1276.4917736037307,872.2117702912868
1531,1276.46756718542,872.5149185314834
1532,1273.76377309145,870.4857005648269
1533,1274.7578936237846,871.2294741234153
1534,1274.6549677051719,869.6094706456491
1535,1286.4263179339923,872.723184392243
1536,1364.8327506352514,886.2475352166614
1537,1382.6054906539885,939.6324782854492
1538,1386.6895047998614,937.9385985028941
1539,1387.5923304112673,938.5784092083215
1540,1386.8882433716049,938.0790156588612
1541,1381.1040318852747,912.4745696785156
1542,1408.3508930284634,923.9404918112177
1543,1430.5604162696009,989.0201881863496
1544,1430.9911007158607,988.7909490597815
1545,1433.7383915709001,988.804412881558
1546,1437.5873120626907,937.5780834112746
1547,1440.3303215301858,872.6883691997555
1548,1445.0506485633925,884.1452213100594
1549,1444.12183873126,885.7890051015429
1550,1444.1885318223685,885.5877574343701
1551,1444.2403283687977,885.4309907949345
1552,1444.2853772212272,885.2944327432776
1553,1444.209821493931,885.5247045695894
1554,1444.378434987668,884.9959814507515
1555,1444.1814076950159,885.6165196709164
1556,1444.312508700759,885.2039016469851
1557,1444.5580594263492,884.4258637437579
1558,1456.4456848675832,875.421106002624
1559,1457.7206086123933,875.0371434432423
1560,1458.3952844178382,873.8211161709712
1561,1458.3893658150425,873.7568101395897
1562,1458.4229539049838,874.1421180636601
1563,1458.3720761515056,873.5651440139977
1564,1458.4208476239571,874.0087275658267
1565,1458.4663798677234,874.4265362566254
1566,1459.1282261518652,874.6201061095197
1567,1459.1433440302517,874.5215618039082
1568,1459.1347509870157,875.1174052055517
1569,1459.1323548185323,875.2847583934856
1570,1459.1331627109935,875.2288919129676
1571,1459.5531764657126,876.0513609933953
1572,1459.8440851647952,875.907684169263
1573,1459.2124236326779,877.601549917956
1574,1459.5370944184901,877.2765730749578
1575,1459.3153166628992,877.4971496884162
1576,1459.165053211856,877.6460010531661
1577,1459.6351227213538,877.179761092453
1578,1497.4394626173412,866.4713902415679
1579,1503.0522159941008,880.8038967614776
1580,1478.7016453171025,922.0796215247284
1581,1479.2385651156037,923.9077532559271
1582,1478.9509959127145,924.1260970316455
1583,1479.275915595665,925.3085221029239
1584,1478.7557076312603,924.5839765582757
1585,1478.831305687663,924.6709315182621
1586,1478.0465349953329,922.8636564210732
1587,1478.6437581911343,923.0007288984813
1588,1478.0461939071445,922.8639232539148
1589,1478.5810242516673,922.9940629564662
1590,1478.388232248301,922.9472274135932
1591,1479.6024668391667,920.8188035062851
1592,1481.1249414648685,921.3555071637927
1593,1478.9621219927908,921.5792516689958
1594,1479.296770898839,922.1635956788531
1595,1479.053810248951,923.2210818115891
1596,1480.190245703987,920.0368987303414
1597,1473.9405682297274,956.2777850754587
1598,1473.8236430897434,989.3990020622009
1599,1474.0682061699245,988.5715257505678
1600,1474.9209159629604,990.3835829079774
1601,1474.567418311704,989.1822977823557
1602,1475.51957172813,988.8432726729577
1603,1475.91095497778,988.8785043541534
1604,1475.7230707255799,989.5893517640468
1605,1475.886909532665,990.2248457170824
1606,1483.9914500551188,985.2881306283492
1607,1527.0631243603239,1001.859058282912
1608,1526.8234371933697,1001.5743584254558
1609,1528.2163250702697,1001.5524565191099
1610,1527.3959570494521,1001.2191607106017
1611,1527.6688868873484,1001.4570576863748
1612,1527.812791690876,1001.5826319621613
1613,1527.292507213304,1001.1261518416704
1614,1528.0491661023684,1002.0321682833634
1615,1527.400623036167,1002.370483926557
1616,1526.2279473073156,1002.8889088035994
1617,1526.2984803119161,1002.8577763448218
1618,1526.8797384609738,1002.599217350566
1619,1527.782639279017,1001.3727167081289
1620,1527.0586890000964,1001.4133715602009
1621,1526.600950091192,1001.449632192329
1622,1527.9451808430983,1002.0989274901424
1623,1528.6605246988534,1002.3285343816553
1624,1527.1700173586387,1003.2544252203863
1625,1525.4690964545775,1004.0451930489933
1626,1525.6408048153241,1003.5613015706813
1627,1526.650519100784,1003.9339040842524
1628,1526.429142844541,1003.8520857688635
1629,1526.0782849238894,1003.7225369179954
1630,1525.3787603962608,1003.4624152218886
1631,1524.9408944910515,1003.2980739190439
1632,1524.0801282315474,1004.6863840424842
1633,1526.4634075394488,1005.8067904916406
1634,1526.3195037152232,1005.6576911929506
1635,1525.7796125683426,1005.514011598376
1636,1525.1762254459893,1006.8620391102011
1637,1525.732643980086,1005.0679035049518
1638,1525.6128175159638,1004.9839492618528
1639,1525.5916514075273,1005.0373928787183
1640,1525.5329317477049,1005.1865328552574
1641,1525.934964538194,1006.3640046413364
1642,1528.4280466631724,1007.0017520169971
1643,1527.7497766669724,1006.8259988611323
1644,1528.3493709662057,1006.9782878100023
1645,1528.010034701651,1006.8916202775329
1646,1529.4806993981852,1004.4667186150255
1647,1531.4862273637232,1005.1589777483996
1648,1530.5205313773408,1004.8061696083397
1649,1531.764764546043,1002.4453435511152
1650,1531.6748929685334,1002.6160927994626
1651,1531.8230520615634,1002.3372018477853
1652,1531.9266127038106,1002.1423249252707
1653,1531.8971369854385,1002.1975775447758
1654,1531.6148974873508,1002.7321994187339
1655,1532.1425011525316,1002.5223599992971
1656,1531.7621627308567,1002.6783785957082
1657,1532.7122531268865,1002.2876917664665
1658,1532.829801736597,1002.2393030723787
1659,1532.9114796744607,1002.2056987816836
1660,1533.305506634363,1002.0464742731455
1661,1533.5695806043384,1001.939149187891
1662,1533.891588494135,1001.8083922552705
1663,1534.109633547107,1001.7193690123402
1664,1534.850217342777,1001.4496576481712
1665,1534.1356445593183,1001.1409695611777
1666,1533.780258022262,1000.6840714265454
1667,1534.2245145067657,1000.5579682878581
1668,1535.5836077871456,1000.8151400406059
1669,1536.5831461831172,999.3332311967372
1670,1536.9755737384703,1000.9676464011054
1671,1537.0029395050526,1001.082601001907
1672,1537.1067346597824,1001.5191057240991
1673,1537.3381719345066,1000.8092495457911
1674,1538.3079525514006,999.0860783532496
1675,1538.1810494407075,1000.1396291174766
1676,1538.7901287281459,1000.5122522815218
1677,1539.8203499689928,1000.7774903877214
1678,1539.9227534279871,1000.7618066559585
1679,1540.9294880312143,999.8027899362119
1680,1539.4065896441061,1001.6240120999269
1681,1542.7479691230349,1002.7322525263385
1682,1544.273239646168,1003.8711721024805
1683,1545.3619918904164,1003.5400265168462
1684,1547.1488835952996,1001.1167907722931
1685,1547.2428638432168,1001.3492760887973
1686,1549.5543681316658,1000.6245352463866
1687,1550.9873450548685,1000.9537931322193
1688,1550.8997217064175,1002.6913715165522
1689,1551.5060855724917,1001.824615604886
1690,1552.32797794914,999.6123506564867
1691,1554.1089438613278,1000.983074123077
1692,1555.100413687154,1001.738326779496
1693,1507.7553762173347,995.1331224069436
1694,1507.7211299668165,997.0787728908886
1695,1509.558821312191,996.617099777873
1696,1509.4261258575557,996.6503754768314
1697,1509.6264460310558,997.4012082203747
1698,1509.4833668852066,996.8627293239108
1699,1509.3720693153994,996.4327402876518
1700,1509.4538888558297,996.7486262891957
1701,1509.4130185820543,996.5902890282231
1702,1509.5105642301694,997.0424356360024
1703,1510.8270631132955,997.3717832678442
1704,1510.6884332083714,995.9498942994412
1705,1510.5642696240561,995.3001053872428
1706,1510.5323472570428,995.4060045153562
1707,1511.0492535444173,993.9521026562753
1708,1511.4986561380247,993.9126534307449
1709,1512.8629543767674,994.8465251631135
1710,1514.4654851405335,996.39163658066
1711,1514.4320812790047,996.3593340923868
1712,1513.9748655626784,995.9147270894293
1713,1514.6376945939041,996.5548504726513
1714,1514.67066650254,996.5866140873469
1715,1515.1859937586012,995.3665705813597
1716,1515.1425798553537,995.4687002060011
1717,1515.0174961241023,995.7634058213935
1718,1515.0519331331504,995.6824717790719
1719,1515.068917865716,995.6423451269238
1720,1514.8514254168153,996.1106085253671
1721,1516.139369421558,994.3608330192912
1722,1514.1603043971847,1000.2861906264111
1723,1513.5563145372796,1000.4578943398556
1724,1511.52898686962,1002.0776748142707
1725,1511.61741265227,1002.0070200461101
1726,1511.94882312262,1001.7421945872645
1727,1512.0110928623953,1001.6924249359276
1728,1512.1985233005607,1001.5424388981638
1729,1511.6753910632065,1000.1264425441327
1730,1513.0504747752648,1001.0060658499422
1731,1513.0453655174872,1001.0027906633615
1732,1512.5580445510732,1000.6825304000342
1733,1513.6864387299381,1001.4256998760359
1734,1513.3524036728752,1001.2055347785915
1735,1514.4650272639308,999.4055038357844
1736,1514.9549471073205,999.5712000472794
1737,1514.9707438687142,999.545457134258
1738,1513.6987692486134,998.9130007893768
1739,1513.6277189432628,999.4534290590165
1740,1513.8835891916283,998.7059042518631
1741,1511.5290732996991,998.5581745679996
1742,1510.079866912658,997.1692165584229
1743,1509.8421596497851,996.9817015292065
1744,1510.0039115058767,997.1829257109257
1745,1510.6210907143648,997.9495548896928
1746,1510.3929629998859,997.6663947474997
1747,1510.449476728922,997.7366299778799
1748,1512.0432128668936,996.4960716010562
1749,1509.2279268843527,998.4278144841899
1750,1509.1250145121012,1000.2214240073795
1751,1509.1189609950939,1000.3068390880715
1752,1503.718028241933,997.0381556576724
1753,1483.511300196953,993.2389077005839
1754,1423.7947148307894,1044.0324678875793
1755,1423.7814289243756,1044.3323609456354
1756,1421.8877612596887,1043.2779210896242
1757,1421.621343159832,1043.1301411724544
1758,1420.7068129461454,1042.71092771246
1759,1419.8741894916677,1040.261155011137
1760,1418.6206799903775,1041.96752694567
1761,1418.754536158368,1041.5409432976294
1762,1420.3930875371907,1040.779912432445
1763,1428.4747504297604,1026.8888581430263
1764,1419.2913499005524,1024.9619708573846
1765,1386.2714560910638,1016.943910067555
1766,1378.5993059301659,1040.3765551746499
1767,1368.0778714001826,1055.448253351633
1768,1376.9819892434136,1066.276002935285
1769,1377.497198187581,1066.7470150901815
1770,1404.7019111032073,1110.5039297184012
1771,1406.3528880882213,1111.382615872189
1772,1422.8534617306796,1066.6334989617376
1773,1422.8187177317134,1066.7279559682945
1774,1422.950021950006,1066.3777125196998
1775,1423.017944967819,1066.1963254983634
1776,1422.9347597595524,1066.4190351023046
1777,1423.0125864087436,1066.2114657273826
1778,1422.923907157869,1066.4478513607198
1779,1423.1026640242283,1065.968721759594
1780,1423.1136944022983,1066.0673609843063
1781,1421.7271033190477,1064.6327878647658
1782,1420.8079921610529,1064.0406307354758
1783,1420.0257895430502,1064.5065343982833
1784,1422.006239482403,1066.1051239708534
1785,1420.569078163679,1066.0749161736414
1786,1420.8248043289,1066.164840117569
1787,1420.1720164914555,1065.1979648320305
1788,1417.7003467075174,1064.6123212691834
1789,1416.837722238997,1065.003031323709
1790,1417.330267950881,1064.784011906284
1791,1418.688466179462,1064.977495953147
1792,1417.6155640494692,1064.9099062317187
1793,1417.3220004602997,1063.8379145028098
1794,1417.23575686896,1062.9911665711024
1795,1418.056876429681,1064.6858040305156
1796,1418.1048701391633,1064.7845527245454
1797,1418.0902626235668,1064.7545086918701
1798,1418.0292023448662,1064.6347820523324
1799,1418.3598310904745,1065.2846937958745
1800,1418.3453964627638,1065.25627197596
1801,1417.9763617214403,1064.531700639497
1802,1418.0059226302237,1064.5899748471763
1803,1418.0138204490377,1061.95001302794
1804,1417.5992945171345,1059.2667544474007
1805,1415.9555347298638,1058.8136167914643
1806,1414.965276227047,1060.0290561457568
1807,1414.469733355062,1061.5075342643518
1808,1414.6237775205886,1061.6197953762264
1809,1414.5604864654106,1062.1527759494259
1810,1414.7571134885457,1060.3144133404369
1811,1414.8272702187146,1059.7947163189308
1812,1414.7612898186417,1060.2859250136255
1813,1414.6547422774531,1061.0779738132526
1814,1414.6321610007567,1061.2483475267209
1815,1414.606082174045,1061.4439625400773
1816,1414.5972850340922,1061.5108585698092
1817,1415.671697758118,1060.427529879498
1818,1416.9996594282336,1061.7977007977731
1819,1416.8997773763574,1061.6944726333604
1820,1416.4918634307842,1061.273428721691
1821,1414.6138733203732,1063.516963346134
1822,1414.4231784444812,1063.1244310720945
1823,1412.9535740302017,1062.2239251247158
1824,1411.8391835397379,1063.4133267539407
1825,1411.0801081469504,1062.5583430915021
1826,1411.2804032738923,1062.7428818003712
1827,1413.156429799656,1061.5953816251713
1828,1413.5998259986486,1061.3143767012687
1829,1412.3374977018957,1060.5928577768125
1830,1413.8110681354483,1061.3214552436657
1831,1413.7750400911823,1061.3036549684057
1832,1413.2568780831,1061.0383819309486
1833,1413.2776642597141,1061.0490431336666
1834,1412.8992856876002,1060.8625778543117
1835,1412.4610163445627,1060.6470983622214
1836,1412.3789684977255,1060.6068608585892
1837,1412.898886105747,1060.8684497021427
1838,1413.0870042192046,1060.9634413084968
1839,1413.317257862128,1061.0794811533442
1840,1413.6054463436933,1061.2256597141227
1841,1413.5028749835767,1061.1735121632582
1842,1412.7066554065445,1060.7697950667039
1843,1413.2585288321277,1061.0566953950736
1844,1412.6799028798528,1060.761034335318
1845,1412.3665290974445,1059.6671179718705
1846,1412.3400712619145,1059.57466188212
1847,1412.311865124669,1059.4764791218001
1848,1412.4563334065006,1059.980193302027
1849,1412.4028282943373,1059.7942405078734
1850,1412.3299288677279,1059.5373731225168
1851,1412.310292458677,1059.4684274336562
1852,1412.418037883765,1059.8478560464957
